\\vmware-host\Shared Folders\Desktop\SiHyperlaueFinal_shielded_results\results_00131.STR
Number of grains:       1
Grain no:       1   Grainlist file index:       1    Number of peaks:      32
no   x(exp)  y(exp)  h  k  l xdev  ydev  angdev  energy  dspace  twotheta  intens   integr  xwidth   ywidth  tilt  rfactor   pearson  xcentroid  ycentroid
     4      392.64246      872.05084    -2     4    -2  -0.29726  -0.13578   0.01740  12.44987   0.11103  53.28982       35201.00      129981.88     1.83283     1.88527    13.73886     0.22212     0.00000   546.38184   546.38184
     6      746.38995      951.33081    -3     3    -1  -0.38610   0.48103   0.02379  11.59456   0.12489  50.69662       31003.00       82889.88     1.72902     1.87145    12.10888     0.24743     0.00000   925.35083   925.35083
    13      991.68683      299.61200    -4     2    -2   0.14619  -0.10280   0.00635   8.25862   0.11083  85.26161       11997.00       20495.88     1.18752     1.42234     3.09915     0.17448     0.00000   258.92767   258.92767
     3      546.08258      225.18715    -3     3    -3   0.08103   0.15677   0.00638   8.45345   0.10445  89.18963       23080.00       36726.88     1.24745     1.25282    47.17312     0.19022     0.00000   992.04163   992.04163
     7     1026.46057      909.50116    -5     3    -1  -0.25346   0.25323   0.01284  14.49353   0.09196  55.43491       27737.00      137378.88     1.91027     2.96066   176.04924     0.30982     0.00000   426.90216   426.90216
     5      925.02728      683.02112    -6     4    -2   0.09160   0.01394   0.00425  16.08325   0.07267  64.06294       28835.00       72725.88     1.67279     1.80404   141.05795     0.20289     0.00000  1026.77930  1026.77930
     2      426.65952      666.13306    -3     5    -3   0.45269  -0.10209   0.02493  14.36182   0.08291  62.74903       24383.00       74473.88     1.67881     2.03133   176.96796     0.20777     0.00000   746.69849   746.69849
    12      648.66730      500.21857    -6     6    -4   0.17992   0.03818   0.00942  18.19282   0.05794  72.04375       29602.00       49081.88     1.20371     1.49481   179.09656     0.21128     0.00000   282.90027   282.90027
     8      668.66711      570.49976    -5     5    -3   0.12397  -0.02037   0.00661  15.64304   0.07079  68.09135       18658.00       39437.88     1.09075     1.86984   179.97194     0.18895     0.00000   649.00732   649.00732
    14      868.12866      257.29935    -5     3    -3   0.07746   0.16769   0.00603  10.82881   0.08280  87.48891       11246.00       26675.88     1.54901     1.67416    13.64225     0.21718     0.00000   859.20441   859.20441
     9      331.59833      270.39160    -4     6    -6  -0.48148  -0.02913   0.02177  15.68431   0.05784  86.20897       43007.00       64106.88     1.08469     1.52910   179.99899     0.19020     0.00000   669.00867   669.00867
    10      282.61990      288.50165    -3     5    -5  -0.40161  -0.02369   0.01783  12.97823   0.07064  85.09852       12268.00       35927.88     1.67461     1.98432   148.55443     0.19874     0.00000   868.34918   868.34918
    19      258.62732      619.60803    -3     7    -5  -0.01596  -0.35135   0.00927  19.09419   0.05963  65.97789       11518.00       23747.88     1.17384     1.73483   177.83627     0.21336     0.00000   439.08398   439.08398
    17      858.90668      567.48639    -7     5    -3   0.16005  -0.25963   0.01062  18.24990   0.05968  69.39274        7865.00       16439.88     1.23445     1.57103   177.81087     0.21059     0.00000   722.16119   722.16119
    31      475.06006      454.83014    -6     8    -6   0.00028   0.09328   0.00283  21.97102   0.04659  74.55430        2558.00        5478.88     1.08043     1.47997   179.15266     0.14860     0.00000   454.98132   454.98132
    20      463.67020      498.14133    -5     7    -5   0.37763  -0.07548   0.01990  19.31743   0.05461  71.98007        1095.00        3099.88     1.34119     1.61213   170.48050     0.10344     0.00000  1012.99915  1012.99915
    21      721.87445      228.63564    -8     6    -6   0.04618   0.01195   0.00210  18.98108   0.04655  89.11605       19737.00       28466.88     1.15350     1.25321   179.18571     0.18105     0.00000   753.89514   753.89514
    15      129.38623       39.62979    -3     5    -7  -0.19145   0.26784   0.01041  13.62170   0.05947  99.85432         819.00        2981.88     1.50743     1.83033   178.76491     0.10276     0.00000   475.04184   475.04184
    18      438.70169       20.97275    -6     6    -8   0.42877   0.30910   0.01968  17.14086   0.04649 102.15985       15225.00       29377.88     1.21707     1.68147     6.11032     0.21333     0.00000   129.73386   129.73386
    30     1012.71838      601.52563    -9     5    -3   0.04709  -0.14431   0.00428  21.60214   0.05069  68.96169         421.00        2118.88     1.27783     2.04843   173.65564     0.10303     0.00000   699.03296   699.03296
    16      753.60077      232.68832    -7     5    -5  -0.31822   0.18349   0.01515  16.22860   0.05456  88.87613        7171.00       17357.88     1.09144     1.94530     0.10938     0.29887     0.00000   464.00821   464.00821
    22      145.61754      355.22809    -3     7    -7  -0.00405  -0.01138   0.00038  18.14047   0.05245  81.32636        6437.00       16297.88     1.23624     1.89354   179.25494     0.16922     0.00000   145.92570   145.92570
    23      364.76736      259.68582    -5     7    -7  -0.03691  -0.05119   0.00236  18.42601   0.04893  86.88663        8373.00       14416.88     1.19483     1.34158     0.91545     0.17834     0.00000   365.08994   365.08994
    29      784.10669       52.56645   -10     6    -8  -0.00125  -0.15879   0.00484  21.07660   0.03835 100.15421        4768.00        8210.88     1.12472     1.31761   178.58437     0.14109     0.00000   262.01572   262.01572
    32      300.68658       92.99324    -6     8   -10  -0.06017   0.04667   0.00284  21.53558   0.03833  97.33987         588.00        2263.88     1.34819     1.81616    11.35074     0.10158     0.00000   971.98792   971.98792
    25      919.98883      273.22415    -9     5    -5   0.07917  -0.05605   0.00360  19.04906   0.04744  86.63448         774.00        2512.88     1.14139     1.83101   175.92134     0.10312     0.00000   301.01108   301.01108
    26       27.58043      162.44690    -3     7    -9   0.36674   0.08122   0.01251  18.66593   0.04597  92.52545        2845.00       10118.88     1.76302     1.88011    95.98113     0.16869     0.00000   920.14081   920.14081
    24      822.88861       31.32239    -9     5    -7   0.17763  -0.13567   0.00761  18.39879   0.04356 101.33316         841.00        3518.88     1.49307     1.82768   165.98518     0.13411     0.00000   784.07867   784.07867
    27      261.68167       78.66599    -5     7    -9  -0.05769  -0.01824   0.00229  18.85116   0.04354  98.10485        3537.00        8826.88     1.37809     1.71242   170.40115     0.16444     0.00000    27.93087    27.93087
    34      698.74878      226.25105    -9     7    -7   0.05821  -0.02269   0.00272  21.75047   0.04057  89.25118         522.00        2764.24     1.23885     2.33164     5.66252     0.52932     0.00000   615.84363   615.84363
    28      454.66565       47.74849    -7     7    -9   0.00645   0.04540   0.00145  19.89093   0.04053 100.53984        3329.00       10144.88     1.51709     1.91001    41.86334     0.19617     0.00000   823.12012   823.12012
    33      971.57092       85.54940   -11     5    -7  -0.32986  -0.35777   0.01582  21.19114   0.03885  97.71207         615.00        2440.83     1.37278     1.71477    15.85652     0.11131     0.00000   971.99982   971.99982
latticeparameters=   0.54329   0.54480   0.54093  89.94888  90.19213  90.25864
dpsx, dpsy: 179.00000 168.38699
dd, xcent, ycent:      150.57201      540.60303      212.87601
pitch,yaw,roll:  -0.22645   0.61642   0.00000
dev1, dev2, pixdev:   0.01219   0.01198   0.24419
deviatoric strain in crystal reference u1 u2 u3 (*10^3)
   0.53438  -2.26452  -1.67023
  -2.26452   3.29842   0.43683
  -1.67023   0.43683  -3.81992
deviatoric strain in sample reference X Y Z (*10^3)
  -0.23042  -0.92118   0.52149
  -0.92118   4.57189   0.14355
   0.52149   0.14355  -4.32858
deviatoric principal strains (*10^3):   4.74276  -0.32846  -4.40141
deviatoric strain principal axes in sample reference:
  -0.18161   0.98336   0.00512
   0.97469   0.17931   0.13350
  -0.13036  -0.02924   0.99103
deviatoric stress in crystal reference u1 u2 u3 (MPa)
       55.17065     -360.10425     -265.60028
     -360.10425      336.27359       69.46430
     -265.60028       69.46430     -387.66220
deviatoric stress in sample reference X Y Z (MPa)
      -35.69666     -205.32941      -24.28986
     -205.32941      562.09711       17.82943
      -24.28986       17.82943     -522.61835
deviatoric principal stresses (MPa):      626.33990      -98.67296     -523.88489
deviatoric stress principal axes in sample reference:
       -0.29687        0.95469        0.02109
       -0.95379       -0.29752        0.04213
        0.04650       -0.00761        0.99889
total strain in sample reference X Y Z (*10^3)
   1.55010  -0.92118   0.52149
  -0.92118   6.35241   0.14355
   0.52149   0.14355  -2.54806
total principal strains (*10^3):   6.52328   1.45206  -2.62089
total strain principal axes in sample reference:
  -0.18161   0.98336   0.00512
   0.97469   0.17931   0.13350
  -0.13036  -0.02924   0.99103
total stress in crystal reference u1 u2 u3 (MPa)
      577.78900     -360.10425     -265.60028
     -360.10425      858.89197       69.46430
     -265.60028       69.46430      134.95618
total stress in sample reference X Y Z (MPa)
      486.92169     -205.32941      -24.28986
     -205.32941     1084.71545       17.82943
      -24.28986       17.82943        0.00000
total principal stresses (MPa):     1148.95813      423.94543       -1.26652
total stress principal axes in sample reference:
       -0.29687        0.95469        0.02109
       -0.95379       -0.29752        0.04213
        0.04650       -0.00761        0.99889
dilatational strain (*10^-3):        1.78052
hydrostatic stress (MPa):      523.87903
Von Mises stress (MPa):     1007.33954
equivalent strain (*10^-3):        5.28987
equivalent stress (MPa):     1007.33954
maximum resolved shear stress:       22.10555
coordinates of a, b, c in X, Y, Z
   0.44451  -0.20241   0.23858
   0.19246   0.50583   0.06496
  -0.24577   0.03225   0.48112
coordinates of a*, b*, c* in X, Y, Z
   1.50615  -0.67770   0.81480
   0.65595   1.70111   0.22107
  -0.83545   0.10639   1.64681
